$ANSIBLE_VAULT;1.2;AES256;betabarrel_cluster
34386136376661306365383438333463383234323534366237386439356331656561613032303935
3066663936343332616230306361323563336366633365320a356261396161633035636433326161
32653062396430663533393938663331356437393938373137366366383630313364636366653433
3236666266333832300a333533313263633633623562636362363733303135373735313437366665
30386537306565343738656566393933633235373038663565663464343332383831633235396564
32626564336533336633373664643137643739346338303166646364336539633633353739313337
61653363613131336563613565313234383532663165613837366261613938336539303638626566
64383263663932613935613536613463393462333333393562366664323264353734663832306165
39313461653564383138623633303235366333643137653836386665613539386532386430376261
33636131346139666334643266656664366165663863373234653238383032303530306661323161
38306131626338663230653361356531653866313037336633636664376437383066316331323331
38626465386161616366643066346664396134376435306638623437313530663131613939383830
31323030393537663838333063353265643132393435613365383037333635653835646538643135
38653063373661663862313431663666346330386232336134366530663135623966623732346463
37616631306162373363323231393738613861666163376630613431353162346464353966346333
30613234326234613666646364383335343537336630616566363837316435636562323662663334
38383961376133613533353865323664306365333162346636353435623230623630303563313132
38646162656437626361316364613236326235313935393863326134373266633730633635313931
61326561383265623132633135303839383836393138656137323239663238356463613831396566
32626237343938323263313638336332316262303966613339613436333335643861636161366239
63323432383337656530643236643864376262336466363137616665353834376334336335626566
30353931626666373562363537373039393637663633636364346265396339313931666535336530
34326463393164623764633161633464386536323330373630303034343161383065313630323465
62333736383431333939616135623931396139306435633937636664366433396461663134643837
36303735363435396631333637633332343438323962376136353761633161353161
