$ANSIBLE_VAULT;1.2;AES256;build_library
31653931613065653436363436353439636265656237353930373961363266323035323732643566
6634326437313666356333623962313836336466666465660a653433356630393237383732336264
32323339383061646339336532353631666365313033663463646339333563383138643631303630
6430306332343062610a376139613935313166613833316330373034386561613238343138383066
34323261653537626166333563623438656466656632626231623831323538323365313431623235
63393563666338396533613836333862633963386534646462393761316463353062393931333962
63303938333634616634326161393962356239316436633463633639383735366365346134633439
36633138636161363464636565653238383339613738366538646534623339303665343435316266
30616162363131363238363230333334313830646132346337633865643737316438623237633135
32336230363036333466343935376536636239666361653632616331353162393866643562346239
32656234343837323937653239663861386532653132303237393735313436643735656361363765
35393861643034646130663862356234333131396137636434356134373463656339313533643330
35396466623734363464333234323737313639613834663532663566336632376166623864646462
62363465666563636332346134326662333262633764313665313362316530663439376263623033
35643063333262626435363563623933353730353233666566646664633061346637386261666135
66353838396465656666663432653862613033623934386534633734346635383736636434353034
38666435306639376136326136626130376332643361333066636431663232306134636162626563
63323139323632396235363132383364383431636238376361343733656238633261306163393336
32366536303861376664653933366165616266313536333238373531633661663738303062313865
66386338623462393034383235353361663335386236383530366238366230633832376466343833
64656637346134343065363532303338343730383338653532313062316532616431626564366661
39636165663965343634663532666636373163386435326339343363363939356364393661383838
34383833666234366130323962383736363432333834393961646662363538396464366434336532
34396465666136356238396561303137643030636239653264366638666538393566666436373763
30366161616163313339396165346331333538633263643662356462373137326332
