$ANSIBLE_VAULT;1.2;AES256;copperfist_cluster
37653436303838383934366361383837313138393461663733663633346166366561613361623165
6237363335336163363437303337613439616163643465650a633533646164653339383137356532
63653736646364393531303934626137643962626462613839623035643263396462313962383339
3532643837303036660a343332383864393937356236353539396232323131623034613535643765
39633665393337363531313330653038643665326530656435373738636636376462333435336263
31313431663465346233363363383566373766333037626439656464663463303762643431336636
39396461386665353338323034366136353839393231626361373666633564656338393636323430
65313163306332323464346539396362303138636231653837366630363433316137356331313938
62353238386430373534326336303134313938396566343265303330313035653161323635643535
63653561393066323566346334343138383036393664393563323765326637656637383436393264
35353163653732303933313631663638396239646230326339313639316163346462643338633361
39663234656461356664383964663365636138636432353834396238366663633430666330363738
35666439323762633661623665616233633935356335363839383832346237353635623035656661
66303965393764353833643139323934323430356330323436643936613937646463333665333764
32613431333530303433623230663637323432396362356231323836363535336137303338373334
65393630323330643433323234363138636632353566396664623361343336353233613664316437
39386137323035386437323533393038396634636635343765663333643564623332633835303066
39613330636662386330313939336266316435623333643466393937333136303136656665313836
66383461643465356139363063326637343839373837373732393038333362363762636531353362
34663238626330316136656233313263646439396462666532653931373762363031393536303034
37386562363063663837393935386332373666306537356237356532363131633339656161343831
66386132323963386339353563383631636332313538613430353162303861663532393066343465
31633838643934373863316632383862383838343236363737353830306331643065653233633861
63633737366531363836346136626363353132346234323233323830633234363233396130306533
38663866313234356363666266326463346133666561623539643937383564316362313739396462
64383132633266323161316566343630356265353334336233333033336463333933313835343434
38333864333164363364313230353834353035633532346433633064346562376562356438333466
38313637396337633665
