$ANSIBLE_VAULT;1.2;AES256;donbot_azure
35623436663563613733613439616231356635623166353238666463373137353465316463353436
3830336631343863653364626562383361626430333736350a363130353038313364303162343234
61366532363864383038393861313638396463663632643536396365343562393338346438393238
3130613837373663300a336262633736366161353865663761353131663961633632353561386134
66636233363639356664386131353166353630326162626361653739306565343363326635353831
34333835643065616566353462303337666138306430643438306435643061643266303436353634
36393236663662633235303134653330396564613362343363323530313231653164303731323534
65373633393264346664646639313064646332643761323762663464633465396532666664373836
34376232323930646332643235623962373032323934323066333739653962303633613733323862
66336362613539316132393236353638333362386236356465326462303362353536323333626439
65393630643563363661613738393862336435386439386265383035336432396637323032653462
61323934303537346232313565653931303765663565616334623334646462646266366434643632
35373732356431633564316538366437356238633239333837303433613464376333666633663033
36663338636336383363343838373838373431396336373765363662643566336239653365623738
30653637373966643461393331636361636234623232326565646463663466396363316633633566
65663535373865346466346465363638353134643361663636333961366663306433383166653836
65656465396634383935643962356465393163303963313339373833306334356330653166383065
31376534613565323736383066656563333934383136393738353333343036653330653563383930
32323130323638623131626634623065366531363465623266653562376636663039323737386334
31333237393162386365323739346132373639376366326236356633633833363433643936653663
61616265336162343965323939343439323563663930653965396236373361643262306237306136
64336266646239666234366131303461333132376362323634333230323434666237383966643363
32376132346530386535643438623665363537323866666461643730386535303962623266663863
39313566313430313065396631656461636230366539363862306230373039336131393038393432
6436
