$ANSIBLE_VAULT;1.2;AES256;fender
35323037303337373733326463383565633562353435323837323963626563643036303434643531
3864356133623630613064363663633835633734303738380a656230386364356561336535623161
63326438376437313632643561383338306136316264646265313165383565303365336336383434
3032336132376430610a626263346637356534346566633366623465613539613538393931666638
34633939363833353339356534633538323637643539323231663966323231633563353434666163
65663237373239346430643363323435363162333530663762366430326262323335383263666562
33373939623932306432363737353863633163346266383965633534353633653732373533646238
36666430306164373139636530373730306334613364353761363463323937333961633637393962
34633230373563313334306165373730383538623236666139363233333530396561633032643866
37643430363537643066616233313236333934626463623338303638616365643239316132373961
39616561636363346466333634663832353865363761306461353963656464373035633362373732
36316438306165633065613431613337373232363530666264613461666464363064363534366163
61636133316336383436316330626435366630343631326336393432376334353064316333666265
37656435326630356333656630356532353437306434653235626466613261636362376263623861
63613963313236316666653239363535343434336630623332613964396236393434373933636331
66633635633037396231626262353433323237663933323833353861613866623064626237333538
65313035326333383039643865396538316130393430323431663461336632386630663761666165
36623365306537313933303763323565393162393535643665623234343832653565633266343261
61386331336638343935383138373564383561653535306234613637633536323639643737373266
33396363383038363635623766633632303962376534366235666261653861343565373361643263
32303833656465623931653530363339323536366235363435363235613962313436663530383034
35383030323462323265613438323031356562386334663633623739363933306561623238303262
62653062316633363434316563633336663131633133313035366237363861326238636263313230
38343139383632373962376462333166306636346564633332356134646565353236656163633439
36333166653464383565616139333937303532396437373336636435343037393531386263636638
61613164656233623735613034646633396436396432663033383838386536316562333330343064
66643133376462633264346661336339623865616564383935393036353330333434643538636233
61623463323634316539
