$ANSIBLE_VAULT;1.2;AES256;hyperchicken_cluster
39336161313833623161323736616630376639656166643939303065396366333836656232333163
3934346439366539316237613464636339326439366637640a353165303237356533333633323864
63633239306262376666306233363735636636383564386261326439616333623033366239386432
3037623138303434650a353262343935626332623430653034613064333466613432373539303233
63333464336430663931363331363237383961623734646138356435353139333864396532653536
32386632613463386161306435323733343262333137666439353863393461383462343961333563
37346264306366363062663038386266633237616263303639326662663361343736613534346263
66396666643339633232643632386238316532333465303133353761653837333436646536326338
37393939313661656662653130313636656337613334306438613362393632353234336132343865
63386539653236616238386563326431626436343233393234333262313165663536366233366366
39666362376361393165356337393236623137316665393434323831303333646362343038373931
36313635623831633839366365616666356462623962626465346562373435613633313731356538
63663966363937353532323939393431636632616665336636363932643964613265616439323066
64396538656266383237623433336461626339316361646538356235313734383631616365323264
66633034366335303164316638303761666265396139663237633433646532633633323239313133
38336239376533333532356632343038613636656430663037393864386264383937396261363532
30313732333365373362633365656139663965323463306433353030633062643934373738373930
33396135313835353235333637303834383631363463646635633666326564613239313963653365
34306463613539623630306662316439643062363462636431643164343066663934383237626264
33313235633431346365353466623464333664623538386433623166323861636137633634363535
64323665396265383630653236306563613237313465376264386234306464316536666637306262
34323365336236366462636336363538356530336365623962633065383739383930316163306330
31393831333138653862373566613938303461373266373562613666656265663239656162343837
39343333326661623334343136323535653863363637653338383366643338636431653330333238
30356164336436376338383531353530633034393035656336356566623636646635356666383430
62636463383230393163323432623437633639333636363961653930363562666338373964353536
61343065346266656666636166333761353630636362376431303137376461306232656239663531
35643532633730356230
