$ANSIBLE_VAULT;1.2;AES256;jenkins_server
31396666356663393664663337616566313963623166616530363462646231383138376133313639
3932363663633066656435633231323936353734326333390a623930663537646661353864343763
36656665353261613963393762336662616637633133306530393563636233353535663532313131
6235663137353337340a656463646261366430393434653466343964313362613561633865353031
32353264623835343630396533366432383261383435623136663135303538383239393135653631
63356131336532343965633934633336313130383339666263373137323935613434376439636439
66386438303065386434636365353038366364376565303538623038636665336433363162666531
65376633653434326662383832323061336364386665353038663736313539613163326538353737
30616234656638366533613766356463333630366233393861396265363538323066323564323737
33393565613136373732326431323037643435616638633831623539653663346632303362343236
39663339323539303666336664323065646337633530336666663039633935343165636533666563
38613063383133326265633162316266333938336264656461373465396430356364306330623964
62326230316533666531323230353832316335333335616466326432633633383632643165326363
30663330663735626630303430633635316161633032373264616363643036653564343939343731
66343333363861376466306134383339613737346434663236386363303637633963656139623331
38363334363638643430623162643339386232623062306466656532653336633430393134306566
63626533353434656364333938326237346436616466663466653534393230363038363561393031
34613861333332373530306633303161383937333863373339333561326465323666373965616665
37336131656232303765363164363538353564306233353461343639343330316465616366656536
30653836663137366533393566323461343066626465653233323033346339363663313431353238
61653237343239366566383032383165633661306432306364336432393033383939346432663935
39633932353838613266373034393139623665316437626437666337356530303234653739643162
38323631393366653539373732633964373433333166363736353361313962663966666131393633
38343066373532386664656262366362356362666366316638643136316263393731313632623838
31303131643332383938323265303631343131393061663839313034313965383561383936313964
34353439363765376164386231373231303366623434303864653433636436353062646664643637
64383735616239636233313335633839663765636330623062356139393663393466653737363334
33376361646437613065
