$ANSIBLE_VAULT;1.2;AES256;logs_library
33303866646435623930393937383336393531333937353662663831343264366137393735353736
3331633737353062376330316663646662386633656331610a383965306264663233666163333034
39343533313763366136393537356162366432663162663835323962626363373361326133333564
6331653335396231330a613030663739636231336333636338333731633230656262393337623434
35633239326233653762353833373761626566323834663465363136376136393565663666663464
33643139343932323732323036383632663362343536303734653539663839383639366133363539
34643061613130303535303539316561623762363266343964396661323238613038336230366663
62656133623731316337616632623865316434396361323836363432343063316136323036616633
34633631323163396333323465373263656365373363663333396564303261656236656538613161
30313834623234373831383138323265656438633433386562633862353430616466303461343034
32303731333365633534303566333735353333663461323230626365396466393138323863653862
32366463303163636564343437613835633363363865613433623031656134306336386532306462
64366463646434303438386562393435643061653635366430386135613738333734373339396336
39353661633237626333333630383238356264663230393231313564646639626335343561646233
64326663343562313439663333393866666636333730656266626532313630323038656132336636
64393337323532656331633635316465396134326364626464643231623536643265383637613336
37653462346532363034376633653561363432616565306436326332623366653661383339336432
33396532656632323231643138656436323965353761373036393636366634663630373530323039
32303132323337613763613562373134633362373335636133306565353165393464336239373731
66633731366362313438356331656337333164313136333433653065356637363237626338633737
39663639663831303737333861383034316364373230333838636233613638373331346534623164
33626134396234373566383037653461386434323765346239626361333230316531346463303764
37333463363436333364643737356364633138633332653861643032663736656365326665623738
66613737333234383038333931363432623663343430313730303864393139653364306666623230
34646537386334323035623137383038326635383162383037616335653365333237623637646432
33623931353733393138306462333865356536626630323766623462336438633332386131623063
34343666303962656161326238356233323234363838343836616566663165653663663833326138
31373033376235653431
