$ANSIBLE_VAULT;1.2;AES256;marvin_cluster
30323334353766646134626264663932363733353462363734636135633266313864393666363732
3264613535313865663737666366313433663564623364320a653061653264376534353662623835
34643534666537356334363031646665623338376436353934306631633665393437313635666536
3966363631643933620a313638663962616636373736356366633736316263646531353136653066
30333162663766613839653230346664376561303230356432363531303763663164653036336565
63396235376337323230636233663634313334663461386636326133656238313136336335366238
30326432386230613639656361376261633963666133643131363936633539323533383232613639
33366164663063353966356231326566646164373937326565613262326435353330633765626336
30313531333339613533323962313162356566316331333165613034373065656134343632326265
32626364333531323165646334613038643235303037313563323162373062373539346561303132
36363164613837373261653037363762373831373666306530643362343965653038626137643235
30363635633830336264323634623664343334653130626238313635353665333831653235633534
35383266356332613835313463613461366330363630353762376266623861303337303439653832
61306130663063623866353733373963656363356336396533336263323033623461323563376639
30373465326163633864303337313532326265353739343562333437636465376138626336643238
62613162356162363632613135363938663536306463346536613635376438346636376264313635
66613036396638373463303763323339643063333362396433636530343233613965333032626264
32353064306335353166373032353265313839336362373137353230376534393130363065386262
65643739633734323363366531396661333661306535326231323735666462393231616332333163
30646333346630643232616139383566386533323662333431656561363330313230623038633466
39613632356632306561636266303339663565356132376564333565313232326131646661343232
39306534643566333965643164346630366337393165303166346563333630326134663161383931
64656532343862313863643334353062633663373066373238303333633934336634363565343831
31383935303235333266346562373634643834346435316532613734373830373664316232306435
36313330333839633762343335646637393636653333666533636337353531346332643437386565
39656261383861353863376131366430616463613336316565653235666565343730653436353933
39663534383434333839313436363833623939633963396539346261633135303134653834656538
35633232303534323639
