$ANSIBLE_VAULT;1.2;AES256;nibbler_cluster
39656666346537383661616238626438653462633631343732663664353536396364383565336661
3232646162316537373663326331396335623439303836370a303063333836396561353262393431
65353235373935333932316533633231366666636264323732353831623738396333633961336538
6335346165373662370a383233303538666132313066613330376236356262376330373865393830
30333966393232376331326131356461343336653361623030356430666161633864663136346266
66363135623330633434656563343161623463663561313238366239306239663034666537643037
62653839656337323336323562663862636665643066613164653231353661306537643934393336
31383238656361643434646234343235663536376230343932326562343635653330383731303936
35666635356463366435656164336134323665613561323464366434613766376662346231346336
32346164623430303462333534623532383737353139646237333633316164316133646236306432
32346237613363326362373731363236386566313736643335646438636438363933323362333561
36343038626465386531653465373735646632663433313663346536656662653433346262313764
66613133333765343961303531656439646336633737356163326535643439343330616630333963
62616330323130333537363032343839613232626366643133333761323736373335326232323661
64623937626639363964346133323735343034653038623234613463366433386362323636386366
30396230343534653030623462653263376364623234343462353034323734363938303234316231
31633938656161353066396165643533393638356361326461636533393034353166356237373638
33303231643834386461353961353337376134393932323663363062636433363838666134306462
63663261613638366330336435386237363938666435303862656330636330613966383433323135
32363433323735643966626432623463353035396637366439613961346531316462313837376163
30623262373961333638653938323035363265346162663130396665303339336562306639346639
36323134613965363638323533653432346130303335373335643362393833613966363231343037
63303866333231653963393662393232343435623962333336316666333031633937396265666664
65353862613363646636383236653633396463396132313831363133656464336636613165336264
36376539393939323034666332356233313131653132653138356563613766303330
