$ANSIBLE_VAULT;1.2;AES256;gearshift
63643931383434646537373939633061353239626434313038306630326461323037323134343336
3462326263653636346665623633376562646131386231340a636333643937663235353231636536
66333333393239653039646634323534323039323964306466373739643633643336356565323262
6531366439666462390a303264616435373630386436383530343162623566323832313538333032
62396265336231363061316137383639336337326562363061336633373538623565636630303435
30656233326666353932373236663630393632383130626664656461353934383131643936646661
38313534343734366466653537636263643163343732616636323461323964616437373364356663
35626533316166663563383565376662343166653934306633386362313233636537663133323834
65653331336163306232326261613864623539333237363465663237303533626131323639623232
37333934363962313236663963633436656632633032613533366238313533353064623330623235
31393235343364383063653732343437623232373032653365353139363139323063316562306237
64313737623565343733633632633530326533323531313535656539353430353065323336366261
65353463323339356438653031626363353162356162313933366163393137636336663738313034
32643335373363663264326532323338316634623534326337313531336438323965366433326330
36623063316232666663646463323064373336323836326637653236393565623463333562326633
37623031633637356634313038386264316431623531353962663330306161386564623832343436
63646161383836393862633433313738643738323632316665653666306463663831666235613836
31646661646564373635646466646462663336326161656261353638653132666234356662356166
36336563313638356630643738653934313337303039393332653836383434633637353533373432
38373037316635316464636138343766646532313963656566323463346431386138653766626334
66383763623530626232646161613630333431366261616562653563616335666439363562303161
34303835363563323961613264393334363735396263656439366131333664666430323139343765
38316166613161383136323539656131613661336363373664613964343433656535633035353635
66313935323361626237643034383461623233633466326131323864623064633230323034303764
65343965646235623164393361653435356665386532383961303232373232326430326439656137
65303739616562663636343530343032303636376239616332363838643732373938373731363730
64616464326536653234323937393931383731303937623836353036306261353730663635326134
66326339636561376135663432353530666634636134396664323930383466343336373833393261
31653663313961663866323965393735303936316633643234343762396365643533663064313866
36386335393562306536346564303531636232303536376137323862363866623230623063646432
30333330363465306237646531303065366466366166393266356564313466356465346637346638
37666635313066633962386361643064636563353862346439323438396461303663313432636530
62373131656234356536303936666261386532653238333439656136323664643936333933316133
66333130633065343565373134643134363661316666373338353365346531366231376131636665
32313135656130643831623265386363376139656362306538303965333666356566303035313461
63646261303532373464353737326662646138356336376334376661613664343935343535396361
34616462326566613861616535356435376262653933633034326532616163636439333662353364
61626233306434653665653939363166393934356432346535363766303438336363626232396536
66633336616264323938623336326136343238393432653136383030373630386563643534633133
35663762656638326534653734633135333635626637333265313330653332663635643666616265
62653434306132663337303865363261383364643332343162363263343236363035306333343934
32656331326562666430366662663732363534353035353034623863313434626537366336666334
35343536373438333763313339633239343038383133336665613132656530656464303462396538
36656438333566333163376134333835333464396362653736663735633730626131666230643837
38666235393962376432336664663261313935373139623364363537616236353264306536613037
34346235356232646364386330663035653264613037653833643765663435616139343463386139
30353363353731323633336536646366386665396565616433353035373035356532386666313839
37653237366139393934666465643563326462356265613936613762633861663962353463303466
33643765333637353266653831393730343061663334616566343464373761373033663531306362
32393930653163303861373331656133353961613437366161633836333436343839393366353866
65343239383934346234613030396134316536636362333834613337656332323237643236383132
37653334613833383635373161363031643235313036666666323738343834373336343535306138
30663464643933313963623361643232333138316262373938346236396366343434376533343535
35623532316464393736623961333461333830313432633331396635313734616561353333316139
61633533666366356539623361326265386364613262656534343430353439383934333437343337
63343165653830373332316233363830333430396262633339336664343736633037616530346435
65626663336330643133343235656663663538386365613138306365303033346438383539323763
63393231363766306234393736376630623161323638636565663131383735323932336164333239
38656630386663633363363765656637306564373836386333643565636530343432313565613833
63306235626333663063303831663166386539396530633339316363343764323061373034393434
39326432613161316236326334373733623534363165373038623033616365663934623163326461
63646238646137653338636631316166386234386463636466643538333839313635343331653534
36313439633136363036313563336162643363356633626631393961623937663365636336646431
38313765623033323465633963336563626434633437623639313562663736336336343138396639
66646566313034393934313064383664316136636233623532626636343862303462623463333261
62363235323438663363623837646430323238376562623036333339613361313862303762316533
36396633383234313064626333663038393932613536346637633233623565616335383762613864
36633364333839343765376539376432636261636336323132326336616565653532386561626239
66613364643833316430616566333831633165303732316663643461343765383538353039643130
31306135303932303966383630623738333839643635366435633066383433343732653638333630
35326332636533643430376161343335623761386636363233653433653930653239363065353535
65646530636466666131356438656232323865353138383766643466303237393364393038336134
33353761303530383230383563383634356366336338346438626334663661323132313065396630
34313463333764306437303464333435333363633566333762623635623834393330383665386534
36336134353930353432393539376331346565333730616232303564623466363539613762386538
30383366666339623763623731623464396436613430646363376166373033363739663863313332
65613062353861396362636431303837613062653765376631323864353462346334386236363438
39366332376533666637613034343035396436313737333662346133616565306639363638623939
36393432343662376237316133646630613939333032623336303739336261363538393863306464
35613862656637623331346563326464623266643965363837373163306437626437373535346232
65303137623162646362383430313666613162353232613964373237363064353639613631666632
34386463383632396234653932376239653134376634363533616230363439623361303039386361
64636233636639623462386635626437316161633239623438366162383631613837646132353939
34633363343563373831313236366531653235356235646463653533643534303333643735373438
63613966333466343263643439623131323164643239303266383630383761343466376361316430
65353036333234336162363032646265633532623638653233316465313662313330373239313535
62663538666666376464393133346432353637633862343134396635633130336430616134313735
64373133343566643434343463373265333866393933333532623465666335396130383935396263
62373132366537303734646137333265386633616332633034623836663233613334383339656238
64643432363433303534333431643666336661363736613733356664303631353035616665376335
34386437633166333637326637663330373430393630376336616263643263396131613863623565
30633231656565323233663064616534636335623766383164653838613137313564636131666131
31656665613464386331333464653466376536356536613839316665303064623766396234356532
65636666336264323236393365313864353537663961663734663331353735383163653934303234
37323539383633643936383637666336663061343533613630623239633764313234656135323439
66303263303839373962653030396637636636373035623038353366663165653433633234653031
33663838623035356338336135633331613964646130383031313661313166373962653835646331
63373936373162626437396363356435383132386639373266646337353037393462656433613435
38616262376231343931363732643266346431373235386637393932376438333437393938363461
36363437303535313938656437343338383366336538356537636666643365313430353962313439
36633763646361326238303630303931623535323261346139326136663065663437643239346563
31353430386163383531353163346331643036333039373932353338356663636236386532333130
30643239623930306537376239613832633364356132383730366366643932343863393533333639
39373035323832313262663133323435363632323434353662636639646236333964613731316164
32393136303932326437326437393438386366626235646633393133303034353662366662666234
64363062343464353463306335333739666339313739383065653935353165396132396334646566
36363665303739393338616364643738396133656531613036653936643036313739393765656562
35633435383937323231666361633634336335623865386261353434313830396362396535373733
62306237653237613837333265336463353934363533616161363137633530643464636664333435
30616461373939353131613333363765663138386634323164326539636161373230363066353062
31326330316665333861653130623563646536333163396234623438353031356532306661643638
31613038613031323464643665313736646138393439666233653430643833653562653065336634
63623038376433653231363861343038333639663531636637653034393865653830656366383763
32316130383566653466633431386263386461636138646231393365646139646230343261653933
37326431326465623762343938663064366564373533646131376666326131383763373931383362
64666631313933343937343031333834333734346365326663333834393434303662336661306336
64666361616266623533633139393163613662373463343066653236383439656534386563313934
39643363646439316333373133633938326637643538653064333232623737376431386164636634
38393766653366616538353834656462613231646137626261356332663861653331383161326137
35623233386432333933303730643632383261383634383061623231306235343037313932336532
31343864323064323564613464316234633738656135613030326330333539626463386264653065
35356464653039363036353037353835656166636332323964653537646266306562386531373466
66353362346363626463373236643638646162333261316539316538396139336432626639623430
32643831636636633263636465623461653434653532646239653764326333623039393861646632
36376263333636656431616634626430613131326564636134353037313038323930666535356338
34636664393963353865363338373865653466343935656664653861323632393364376465363434
38303534383461383661663664643064323937306333353738666134646538323463643163656362
35626431663065303036656333333837663832383436316633393539646365386362303865623137
37666239363931366166306365303430346635373037303964626531376565393935353031323336
39373862616166653137316362313634383832646561636438396332303033623966346163313064
64323730373962656361356264303439613136616465613232626261356130383036386163303535
31613262386231343631363038613662393936666562313062616135326530333537346130333938
30346234346233356363303132303039613039613162316336313262346331346130656533313635
39653565336432383264316565643435346461383736646236353962656635333033613834333239
62663839373734653361616165373661613337663362393766303862333866323338353639653636
36653464383564353434373463373563653638653630343666326231313635663661623636653939
34366132346366653965373138623032313430653937313665373738643837386237356439623235
30633630646263313764323164396637633735383632356431323538306439346466633939306635
32653936653335663166643831343334303733346262333731386330613461326232363333366566
39393436336437643265646533313365663164643733663832356230356237376664333639363737
65663965346134333137323632643130646534336537383435363431356532306438616464313536
31306439303833373662346165396262393361303030613437643339633762383332366564376236
66323437326135336237626433616639616339653438633937616235656266643838353630303937
33343539663234613134366235663734316533636263396166626264346136393665666535343137
38616361343461376531613563323633383636386561643532306330383936333966623232393731
62663931353439353565373733353864386563643764653465656366303366326565663137343237
61653037383535666638346165313461323432303134376333343532616665613963376662353761
63363665303863336361333331616530626662646439636164663261663333613936383537646435
63306539323033633764373863383137376333386630316538353063373962653232396236353965
38353063376335306439633630616139623962636438323836656361343331333862303265336664
65646462316135373236303965373730303135356438643166653432376365306435396361333738
64666138343737656139333537353937613932303635363838393563336661363333646533393065
32623137626239343063656563393239303261613363333561323331386436663962393430303237
61323766393332613064663237656466666539383066313837316133613238316665636634643765
36366639353064373135613135636338336335356230663065313534313361666235333239653561
38666435353064623635353533376135336663373262633861626438393238653034643361636238
36346631373032326361326432336236336164613765303264313463626361613533333866333538
62306663393032633533356533336139303438303330316461376537303438383631323337666666
31373032366139313034656230386661646565303531336638653135383535383830633164313664
30393137383336393237623732356630366235613932306164613139363163636263366664356638
39376532313839613133396265316266393230316639323261643431323031376265353434666336
33613061303862373835373563363236633765643562356131336431326332313933623439333537
32653735633661653133393933646232306536373732623261663036363261373039333531333437
34316339613665376562373931663838353830383431393832316466393766636339373539653831
64366562366530396237313165336433633232643962303930646539303136643438633162626131
34376235396339393762663137633263386434353561316232303066316438323530643634666438
36333062393663666662313130363764333863306138303735376139383065303063313639313030
66616666616163383939343232326232666337333332353031343033636161356665396663616462
34643665363237393665636666353234656432353334333761353238336330663534326434633836
61613737646433393865333530363237393263663162626530343763346465303432373134636163
38333031636661636165623833396137363734353639333531646363306565376161386364636330
35373331666630396163663433353737336466363065323033633438363534356161363637313666
32656266393765316335613566633661633530386561303130363261376661616433343666366433
35363661306439386437393133363833326531613965663839653634323864623665353430366363
38376232323436333539363165373231663537656233386534303132306238666265303864336632
61343962343661366638
