$ANSIBLE_VAULT;1.1;AES256
38346363653562616136626438376337663533343832316531393035613231633933323332316262
3465396138306333396238633136623930616464323466370a663935396265626231376435343935
63616439363834653562326534636638353634303533613163663561303266396563376364643136
3731633161383839370a383337623036666365663930333732653632363563393831343237386232
35363664373432633963616237323938343665636634343765366263366339313031386266316639
61393932336262333361623039653561353636323131363238616666636366613131663133613033
63323966666563346135373765356538383338633464326365333964346235393533623462626235
63383962616532383032633538663066623639626164663532633561616334396566663638666263
61313637376431363930313738636433386637363439663733303437653936366266363432313765
61376530613266303466346630303630323365376437613735373164333937363964353962343737
32336466343064613363323139336266623066623232356339373035306539333562373830383832
35396630613331373639313036366566366164646336333838626134626136336333383831323761
39336536643734323962386434633965613636633635656135613666323639306564663663363831
31663036643461323934616332323637303233373837653561353639333865636235386466613561
33376133313963633638393537663439366130323734363439663539353530613637626231663430
34373066336536313861613765633362373064623065323362333766366665303661333462613463
30353634376236646664656634646236313266366532376165373835643464346363363633643563
37666531343135366337323561333736306232353234646663303032663436393338373561643132
39383162396539386366646630356430326263383061326636313536616535363161366431363137
38383232306230623739346462326133303361626338663339376339306331656535636661323330
65653532386336376566643034613538633761313238373661386536643636386432613432643237
38386139353437643932393663633635323861653866633466383437653961613931396131333032
35313064373663376437613030636566303439643761636362353935626532303234633339336337
39643761323830653565326638356532663936373566623833346237366534316330666632346439
39373163653237666635366239393665613036666263346437343761316535643666633262303465
39666561646532333565383263616436616234363038323433316430626165396132643833656664
30336332386438623737633139303434653763396564366531643165383930643438643938343632
61656166393231373335323262316263313131303138336465333562336666323736393732396138
32393966616563313933363937626134323333363238373837333861386431363464653233363636
66616432643635353430646634336332636235653962373137666533643766666633356235323335
63633636623962643330396630303464653239663235356338326163376461613237396561643130
37326230663137653364646430373735666133336336613665623037633962643239643436383730
34346161616264313236653535636262343139633864383862396435633062326233346131646137
61323764663437323965393130663236376464626361393364386565613832343137383363633533
63373139666138626131313135643634663332366534306136643037356266323739643032623139
30623733623437326132333165643431653235303961326261663932303165326633306331363266
64363266633132353831646136313438616235323762613136643335666533666430343566623130
62346364323535363139343139333538383130303637626664323932666461613366383062396363
32346665393261323239303561666430316464313038373830303935623037306435633565643663
35346131396236623864626333643631363639623235633661323038656264646136343631393964
39336365623764396632313265633765376434323731386565363863656361656230653334333939
62663139326636616134646366613236616238663932303935303861383266613530626564643936
62323436663164376565396465383735376166366434333363613134383063366666376633353938
37356535306139323735386565623836343536653635623865616532316530373739633933636562
30396265313763353539376566643339383739303064373564373932343434393063333437303434
34663036343236623636636137343664386236313262376336373533616337363962393765643539
35383134366332643030616630653936653030616436363732393834373733303063663536303431
38633836346339616634663533326266303034653933313264323736633835323161633034653932
38363266643833616231346565303439386230313933353534323739373631383530336636613834
30656664643031373961356465623735383536663334633036653961336130323432653233613630
38323766363235303734383365633363343038623461316235653239306431613466336134326565
37663839363030313433623637326332383230633538333435663466326263333833393736356438
30663034316432383361373665653064626137353234333866626264653532353936623939303631
30643738663131303034383037656534313865313530336365613632373266356634613036356663
32363261626136623239303933343063333063363831643263653064626535333332666336343234
62353834313132373530653566363233383536373931386635663035626335353232643963663533
64366363363037303233343566353562663238383562336130616164363833626236363862306539
34623838636463386436373335386366373230363938383230383635316131633535336238626233
39323438383733653961636432333633613839623032653130643032313839633731336362306438
37613965363232616234306238633866633535343539643039353035343934626161363464373433
62393936333435386363336131373761383730316363363866376363386230373463646164623663
32376164383436303734306665366235363532663462653331303962663632333631623735343862
61383430613235353232623464326466356536356431346139383463373932333338303665383735
34326435383835393233353065646430346430363765663830643135326539303430616537366661
62326664636136323438626234653063333335303233313632396539653434393864303838616133
38373564303064666130366663353132303264316266313864326262353332333036333433613237
64393461306662386662343735613862373766656162383036366136666137643963323830393433
31323439373761653932393939306431626238343939396436386239323033323434346633366261
30306134373762626330353939626364626263353862623735633462326239313437616366313462
61613737376136633361643436383064336235656435646236623566366661336663623766373339
32323763643634656332316532653635653337383463313266643236343531386266306135313634
31303563633639356164343833663239346430363362366666373234346464623038393637366137
37353233616634363334323564346365383631333465333531326661303235313636383738383939
31346437386634346332653662363432653665623930653437636563613565636130663563386166
34633633333639333435616465666630643237646562613932313065383432386437633336623632
33653564303531653963613035626430383233663330373064313531363036366632343938656430
35636134343037373632323438376639383936656637653035376634396665343137353366633266
33376637383736323731663731313032653930313930343036376137313365323734643261373030
36323131613231363239366533326361633834303238643138346262646163666539306263636462
33393266646333633831366564613533316531646163633438643366613834656165643330643061
66646366353030613334616638366134646332323366316437646337623830666661343161336562
65666537353239386363306335306534346431636430633366613164343435363935306332313833
33383438366636373031316630653363386266666431636138306330343735333163333934316631
36323838373238663032353865326230653639343730346565356239656464643437343662363866
65323161396265336464333037646138663364333265333261623935373837613037616361346530
62363166613937633733316162353439333632616230663264656434633438643163393932623066
65363262333137656230313436316338383633656430636261353037353938366637633630646461
64316634313037653566376262313163356139636438656237636162386562653934343833613135
62323230373961386236623163383135626464653962346465346166363964613565663065383634
36663866373765376232393139323733373463363035643061633063663131396436626232326364
38636364646531346430376235623462666536396633363734616338666162616632663532623663
32623333396632393233623963626638353934363835306134326535393365663566313334303335
38366534366436346230313733626231663634653536616565363233623736663865366335386432
39613938343937653435656366383038636235356566323937333863396431663966363635356462
31616361353539633134313230383635656337316536303335336530373732373461633838663937
31663939316331306333626563623533373935313332646433343233343938623362663436653535
38326263333438306137653863323232326263646161326231636363656439303266373739396534
33623535653266303236306632393830633164666638363066663431376163306330666365626338
65386161353863383834393733366361656263376665323231623139313930383237613562323833
62346639666532643361383938613237623035643361313231383634393832636662663233656136
31343333393333626630353033373538316365326332313362613835643030656236653831396232
30323439363862626139363262633061623465383237353536616261633737343666336664623063
37396233626264396439373765626332316436366264326663633637303035316234363662633162
63316632643038333664663534306364663361666661393032333862346632666238363265623139
35326633386131396563653231336235636530383633643037386633336535353164383738366138
33643537626361346634656535326330653866353865663062343264396534663635333165623230
32623265313466666633323665633561333130613433616230383265323638616232383135633139
65636461316565646139663632663963366235616264346433396636303866616463636338313731
66346536613735626333323861613139646635623864646631373534636261306233633830316434
32366636393365396336333963623337366265643133616139396365623637303335616361313963
39633237373733643563356638353834303563343830386637313734343164663234393062366630
62653866656562666338393439383534333464323761323134373662393636633161323230333065
61643331633030393564346138646639613637396335336539306131303835356237633135623964
34623339653838333930333838366635653338656330396562656662316631663239623431343561
64313236653966633265343539666164376566656332306631353431343837663533316638653863
39383036323338373261623432636230363235363762373239613134396635306636633865333636
35306263396465383666346263336231326636366530663762636235333962313235653536643363
37373366636635376137313762306338373466373561363730383031323738396565323738363534
66653331663761336637663361353632656436343431396537333964656531666165623132633536
36653331636636333835353964333538363864616633656362623161393732363962663230373066
35376661636134306232643433623661346235646262336432373937343936383131313432303062
38336231333932656235613636663166616661376463646132366661326136613530343362333233
32663834643366376535646164303636306431666233383966663231393630656561366236326430
30346432393565333131613332393032616636316231636361393130653134313634356432346330
39343832326365306535366335376639373635303066656633393035373965366139653531666139
31373737386265393063343263346239643263633833303638386535646266313564326565393161
31643437383839373364636461663966633239316462346434376261666364643066356164646338
31323936336439656536323737383332386664346365356333393963313230303266383439623230
31366462643066303936663363616263356333653335343430643530316466663766373364353630
31326530306333316264303661373835653339663034393634373931636161396131626663346334
61323165383663613231353836633766363030363238313961653631366632303135663061393661
65326630386130656464626466636436666461393239633162366132376238363561353066353238
35333464306536663137336630346232653761313566663339323530613035623363383136636235
66326435356565356166613838386331656563323537396139306233303761616333376433333762
38313663646133626337313234313533313231636137366565353236393866616334643733393938
31323237653739653638383038383232313233333334663532346237373263353736663430656136
63653665306638633065653263333436303563316538643833613465383139346464626664616263
30383930613764626533613261323734653637656639663236656165643338343734393632316238
61646364323934343233663630303337643363303736643364373332653132353639376566353262
31353739353933343533366265666633366564383565313634353461623436636533646237343234
63623363643166643932373861383437356166653233636435366339376633636132383339613330
65666431663334306364383266663766326438313930376165623032363461663064663637663164
66663332633230313530363030303336363464343362373238646365313838326438363166323430
61303935356564346132646563303966613835353461623839323131356463333131613133316431
38616536333036373736346239623166383635343631376134383064383966393236366532323762
65306362313230396536343036333539366630333562303636663333313534396136656431363264
63613562343030353763363932313531333964633438656338396630383535363964346534303963
34336263383137616632666462336662386236326331613231616633623736306236353130613730
38396636376266353665393533306663653234663661373233656266326136363535626434376466
35333233626330316161376339353164383765383239326162363839313438636637396233646236
30353337323235323864346139303437303432383562373531326437656137353739343261373230
30623961666334633461643034356666383464373631306439386539383434353262393938333336
34316361383438633338303761313330613433303131363263386231383361313463623563343731
66333162313661386131313132393961316365393036623235323963373939613462343066356135
38373336313738316661663862633138333637636530623462313032323664623638613630306532
34316234353039383631346331376465666666646336616130613037396335616364303030666661
65616165383762313537663932363738383863386266383566323134653933333765323165623333
61393737383736383963653165316263623862303131633863643438633432393562663735346332
35656137626562393136386135616135376231616164393138393061373563623436346363623334
33383933356266373338396234303230663634633465303730313261346135613133303136306234
37643563616137343636373330303230333333653461323562646535643530306530383733333665
31633665653562653538373637623830633135623031383261363037613031393630323934313931
30623434363936666433383766626239643662323431613635613535363263643237643434353338
35633038306236373031393061643861616136323135613733373635373335366438633936636538
65633936356462386362396335333762653233303337356235383531373332356633393962303166
3439336133383039363338336466353935343565656338306430
