$ANSIBLE_VAULT;1.2;AES256;vaxtron_cluster
34336431343738323465396532373466313230643232333437353439356633646239326265343134
3665306231366638373435353633323761323033363830640a396165303233656661623133313032
62333331633939393933393466623635643834343631356266373332623633663634346361313339
3462373635323761390a613436356131373063313036666234346131633663336434623738323961
38333331643966636265373965383935626231393630313462323931656439356436646532626339
30653633653664613936643264626134363163646638346231383534363730663939626239316133
31383630303431616435343435636637323539353065666561623532343534663130323662303130
65646135613135323639633563336137396330366233653637623633343234653936313533326361
39653433396239323465333361613036323361313734343965383733363632633866613664626137
61303834383163366133353566623264303834653862353935356234656365303030383036306361
65373661306266616236623832613832386465306238656361393530383265316166366139643931
38326361393035613863656532393638356666633363313362363064363062396436363562623866
32666231313363613863323963646237656531633366313436323562336266373933633365396437
31333962613633353162373035376632333036646636346661303161366661346566343566393161
37316362393737656530396263326464313230623166643266346438363563666138326262666265
64303932613466653066306662396634356663343265393563613335623562323865336331666262
39313338373263356535363838353462393239383363616538313166666362626663656332326663
39366639343236356261643561353639613132373165663364353266313736346238663766313363
64396635653464333537336361663562363166633062346231356132346339383566356230316162
36646630373031333934353237396363626136396564333661653463373332373639363731326464
65346634306566613335323430316466386134613161333536306234313636653765326636366663
64633865623032386235346139356361653631313762633835336231626337636537396162343862
30343438363234366130633839323533333832313664303031363361323261323063633366376537
66323063346630613466353566376133643862363366396566303830323235303131306332643235
34343139373332303032656134653261383666306261643766316432366662346235626239373364
34383732346639343561643463623433393432303464656431666533636166623236373938396364
37646136646632653331633733313561306464656333643064613865633137346164666533656233
66626265626532353461
