$ANSIBLE_VAULT;1.2;AES256;wingedhelix
39373933666133366563323332393963326564353531663735373336396161646237323239633062
3465336236366330613836623730613438326138353631370a366239363463626337663564313637
39306434363336336261656365363133326565636364663434643065373934396662323833326239
6439343733653837630a306262626163363737613239343461616139616638323761383962356463
64313066343336376538373162376636363739643831353439623438343164323630386434373336
66363263356636333837666634383534353836396433303363313036363237303030623039303265
39643462313864643539636464356562653434626330343935303536653862646365396662393431
36383734633233356137323230333935623232366535656533633761306137316637666366613835
32393862396530383738646635393930663133663139383837383061386338383839323930346465
39616534613438633934336466613132333634663331613162386130323232333464626165366130
39636266343233643830343062616437653065393964323961633963366532383263313963346633
37613538633730306633616263663562376638653234363734313266636562663864353931616664
37363135393930636531613530326363636663623138613664323465653664653865633636613739
35383764366361316231373964396465383138306663326131343834633030656462306131326261
34306362363731333265376631623161376537383331393431616662323461373738303530393562
33636130626336363939633131643437613664653434646233336130326332346135396332376130
30393230303261393334303365353034663936326132653233616633383431633639643734346365
38623538336266663338646238626336643361636138366434636463326638616563376230343436
33623630656165383866306663653832653432383531643639666634333663303630653035326532
37303036313233616530333262356533323236363031396164626639356263366163346364393034
35613636303461343537383537646539613636373362663666666262303661393362623535376334
66353531373331323162613833373962333362643138383164396631623730653135313065393136
32613433623139343464653066373533366334613766343135373861353964613833643761353964
30343464653363343966613537383165653133333036633462653636363432353865383465373330
64613533313330343364356563346338373935333933633437386235313465643162323865636337
33306231646437653436343735383437333838363938646666323935636562353263616466656232
61373738623839613565643263386638623835646462626333346665636434663966653262303331
35346331643362613965
